63,10,-53,-74,-20,40,44,26,14,-35,-116,-159,-117,-45,-48,-123,-187,-186,-101,-2,19,-37,-116,-151,-113,-51,-14,-19,-65,-86,-66,-66,-64,-7,83,128,59,-48,-83,-88,-93,-59,3,43,42,38,40,-10,0,85,0
-215,-219,-195,-138,-78,-50,-34,-3,21,-33,-139,-188,-172,-133,-64,9,32,-3,-49,-43,8,43,36,45,114,165,145,117,114,97,32,-39,-44,7,21,-24,-56,-65,-69,-14,88,162,170,115,48,65,140,106,0,85,0
18,12,6,2,-5,-11,-16,-25,-43,-86,-140,-155,-96,-2,75,119,127,105,77,62,58,55,43,21,1,-8,-9,-4,10,31,51,68,73,61,45,45,58,63,52,36,18,-1,-17,-26,-29,-22,-5,14,0,10,0
70,66,92,76,-35,-145,-139,-30,94,111,-37,-184,-142,24,113,79,62,116,143,110,71,66,78,19,-140,-250,-207,-116,-64,-12,57,78,48,51,93,94,27,-39,-27,-2,-57,-136,-192,-227,-207,-137,-87,-110,0,85,0
-189,-178,-212,-285,-346,-335,-259,-178,-135,-115,-114,-150,-190,-174,-122,-112,-161,-186,-117,-31,-17,-3,94,175,126,4,-71,-59,8,87,146,158,139,143,135,56,-43,-83,-46,12,31,12,-2,27,94,146,134,96,0,85,0
122,126,57,-93,-134,-16,78,78,60,-2,-129,-174,-103,-53,-22,31,23,-51,-92,-94,-68,8,77,81,76,121,175,179,137,66,-24,-89,-50,62,110,61,22,34,23,-39,-93,-113,-104,-70,-18,43,98,88,0,85,0
-22,-27,-6,26,30,6,-17,-22,-23,-48,-94,-132,-159,-187,-205,-190,-143,-89,-46,-10,24,52,66,65,61,64,74,84,88,89,94,94,80,52,30,28,40,43,32,26,32,32,13,-19,-44,-43,-22,-1,0,20,0
-11,-9,-17,-26,-27,-24,-30,-47,-70,-91,-111,-130,-133,-116,-90,-60,-31,-14,-4,12,40,69,76,58,29,5,3,14,19,19,17,15,18,23,25,23,24,22,20,21,23,24,24,14,-6,-18,-3,26,0,54,0
-59,-110,-103,-42,-14,-58,-71,-9,41,21,-69,-165,-170,-65,68,130,127,134,157,152,120,100,106,107,78,66,114,160,113,-11,-72,23,169,206,154,129,103,19,-62,-84,-30,74,127,90,40,47,89,72,0,85,0
38,32,0,-37,-56,-55,-45,-43,-55,-79,-111,-125,-100,-54,-24,-15,-5,12,25,32,36,40,56,76,86,84,77,74,69,51,25,0,-18,-21,-9,1,-4,-12,-1,22,36,33,22,12,7,4,-1,-10,0,43,0
